1 0
2 0
3 0
4 0
5 0
6 0
7 0
8 0
9 0
10 1
11 2
12 3
13 5
14 6
15 9
16 12
17 16
18 20
19 25
20 29
21 38
22 48
23 62
24 73
25 94
26 114
27 136
28 162
29 193
30 230
31 266
32 323
33 395
34 459
35 524
36 616
37 698
38 802
39 911
40 1038
41 1180
42 1336
43 1485
44 1677
45 1848
46 2061
47 2312
48 2575
49 2820
50 3119
51 3495
52 3801
53 4206
54 4574
55 5037
56 5455
57 5976
58 6584
59 7078
60 7884
61 8400
62 9185
63 10072
64 10672
65 11648
66 12474
67 13421
68 14368
69 15672
70 16884
71 18197
72 19261
73 20996
74 22317
75 23546
76 25370
77 27390
78 28627
79 31005
80 32855
81 34762
82 36959
83 39304
84 41858
85 44522
86 46864
87 50077
88 52876
89 56225
90 59045
91 62449
92 66036
93 72878
94 73986
95 78507
96 82272
97 87576
98 92342
99 96817
100 100962
