1 1
2 3
3 9
4 15
5 20
6 19
7 28
8 36
9 50
10 70
11 87
12 93
13 104
14 171
15 161
16 182
17 211
18 262
19 273
20 316
21 351
22 402
23 427
24 478
25 564
26 620
27 651
28 679
29 757
30 822
31 929
32 987
33 1083
34 1125
35 1247
36 1370
37 1594
38 1554
39 1590
40 1697
41 1901
42 1971
43 2210
44 2214
45 2473
46 2505
47 2739
48 2753
49 3656
50 3150
51 3399
52 3652
54 4698.2
55 5041.25
56 5395.2
57 5760.05
58 6135.8
59 6522.45
60 6920
61 7328.45
62 7747.8
63 8178.05
64 8619.2
65 9071.25
66 9534.2
67 10008
68 10492.8
69 10988.5
70 11495
71 12012.5
72 12540.8
73 13080
74 13630.2
75 14191.2
76 14763.2
77 15346
78 15939.8
79 16544.5
80 17160
81 17786.5
82 18423.8
83 19072.1
84 19731.2
85 20401.2
86 21082.2
87 21774.1
88 22476.8
89 23190.5
90 23915
91 24650.5
92 25396.8
93 26154.1
94 26922.2
95 27701.2
96 28491.2
97 29292.1
98 30103.8
99 30926.5
100 31760
