1 1
2 3
3 9
4 15
5 20
6 19
7 28
8 36
9 50
10 70
11 87
12 93
13 104
14 171
15 161
16 182
17 211
18 262
19 273
20 316
21 351
22 402
23 427
24 478
25 564
26 620
27 651
28 679
29 757
30 822
31 929
32 987
33 1083
34 1125
35 1247
36 1370
37 1594
38 1554
39 1590
40 1697
41 1901
42 1971
43 2210
44 2214
45 2473
46 2505
47 2739
48 2753
49 3656
50 3150
51 3399
52 3652
53 4410
54 3836
55 5039
56 4227
57 5339
58 4736
59 6146
60 6353
61 7589
62 7593
63 8455
64 8723
65 8896
66 9368
67 9630
68 10454
69 10575
70 10662
71 11220
72 11163
73 12160
74 12722
75 13467
76 14028
77 14488
78 14021
79 14978
80 18251
81 16294
82 16289
83 16248
84 16508
85 20413
86 20050
87 20964
88 21518
89 21034
90 23626
91 26559
92 24727
93 28292
94 26034
95 30774
96 31878
97 32360
98 31483
99 33442
100 33645
